Results for SVM for dataset dataset/all/ 50:
              precision    recall  f1-score   support

           0       0.75      0.77      0.76        52
           1       0.56      0.69      0.62        83
           2       0.49      0.55      0.52        31
           3       0.87      0.94      0.90       181
           4       0.79      0.61      0.69        36
           5       0.59      0.70      0.64       159
           6       0.79      0.78      0.79       186
           7       0.68      0.76      0.72       201
           8       0.53      0.59      0.56       123
           9       0.00      0.00      0.00        22
          10       0.99      1.00      0.99        76
          11       0.95      0.98      0.96       134
          12       0.83      0.89      0.86        65
          13       0.89      0.35      0.50        23
          14       0.68      0.55      0.61        82
          15       0.58      0.42      0.48        53
          16       0.78      0.74      0.76       213
          17       0.96      0.85      0.90       196
          18       0.89      0.79      0.83       166
          19       0.93      0.99      0.95       203
          20       0.82      0.77      0.80        61
          21       0.77      0.66      0.71        50
          22       0.85      0.92      0.89       186

    accuracy                           0.79      2582
   macro avg       0.74      0.71      0.71      2582
weighted avg       0.79      0.79      0.78      2582


confusion_matrix
[[ 40   0   0   0   0   1   0   0   0   0   0   1   0   0   0   0   0   3
    2   1   2   1   1]
 [  0  57   2   2   0   5   8   1   1   0   0   0   0   0   3   1   3   0
    0   0   0   0   0]
 [  0   2  17   2   0   0   2   2   1   0   0   0   0   0   4   0   1   0
    0   0   0   0   0]
 [  0   1   0 171   0   3   0   0   1   0   0   0   2   0   0   1   1   0
    1   0   0   0   0]
 [  0   2   0   2  22   2   0   0   3   0   0   0   0   0   2   0   2   0
    0   0   0   1   0]
 [  0   9   0   2   1 111  11   9   4   0   0   0   1   0   1   8   0   1
    0   0   0   0   1]
 [  0   4   0   2   0  19 145   9   4   0   0   0   0   0   0   0   1   0
    0   0   0   1   1]
 [  0   5   1   6   3   9   3 152   5   0   0   0   0   0   5   2   4   0
    2   0   0   0   4]
 [  0   4   0   0   0   7   3   5  72   0   0   2   0   0   3   1  25   0
    1   0   0   0   0]
 [  0   4   0   2   0   4   3   6   0   0   0   0   0   0   0   0   0   0
    0   0   0   0   3]
 [  0   0   0   0   0   0   0   0   0   0  76   0   0   0   0   0   0   0
    0   0   0   0   0]
 [  0   1   0   0   0   0   0   0   0   0   0 131   0   0   0   0   0   0
    0   0   2   0   0]
 [  0   0   0   0   0   1   0   4   1   0   0   0  58   0   0   0   0   0
    1   0   0   0   0]
 [  0   1   4   0   0   0   0   5   2   0   0   0   0   8   1   0   0   0
    1   0   0   0   1]
 [  0   4  10   4   0   1   3   6   4   0   0   0   0   1  45   0   1   0
    1   0   1   0   1]
 [  0   4   0   1   0   8   0   7   0   0   0   1   6   0   0  22   3   0
    1   0   0   0   0]
 [  0   2   1   0   0   6   3   7  31   0   0   0   2   0   1   1 157   0
    2   0   0   0   0]
 [  5   0   0   0   0   4   0   1   0   0   0   0   0   0   0   0   0 166
    4   9   0   4   3]
 [  1   1   0   3   2   4   0   4   3   0   0   1   1   0   0   1   4   2
  131   3   2   2   1]
 [  2   0   0   0   0   0   0   0   0   0   0   0   0   0   0   0   0   0
    0 200   0   0   1]
 [  1   1   0   0   0   0   1   1   2   0   0   1   0   0   0   1   0   0
    0   3  47   0   3]
 [  1   0   0   0   0   0   0   1   0   0   0   0   0   0   1   0   0   1
    1   0   2  33  10]
 [  3   0   0   0   0   2   1   3   1   0   1   1   0   0   0   0   0   0
    0   0   1   1 172]]

Labels
Label 0  -> css
Label 1  -> javabuilder
Label 2  -> javacontroller
Label 3  -> javaconverter
Label 4  -> javadataprovider
Label 5  -> javadto
Label 6  -> javaentity
Label 7  -> javaimplementation
Label 8  -> javaintegrationtest
Label 9  -> javainterface
Label 10  -> javajasper
Label 11  -> javajsf
Label 12  -> javarepository
Label 13  -> javarestcontroller
Label 14  -> javaservice
Label 15  -> javato
Label 16  -> javaunittest
Label 17  -> js
Label 18  -> sql
Label 19  -> svg
Label 20  -> xml
Label 21  -> html
Label 22  -> javajsp





